<BorderFile Version="3" Structure="CORTEX_LEFT" SurfaceNumberOfVertices="32492"><Class Name="Class1" Red="0" Green="0" Blue="0"><Border Name="CS" Red="0" Green="0" Blue="0"><BorderPart Closed="False"><Vertices> 5645  5599  5644
  5601  5554  5600
  5556  5509  5508
  5510  5462  5461
  5415  5364  5414
  5366  5314  5365
  5317  5264  5316
  5266  5213  5212
  5161  5049  5160
  5051  7893  5050
  7951  7923  7950
  8005  7979  8004
  8031  8007  8006
  8079  8056  8078
  8122  8102  8101
  8162  8144  8143
  8197  8181  8180
  8229  8215  8214
  8245  8231  8244
  8271  8259  8270
  6741 18129  6742
 18121 18109 18120
 18099 18085 18098
 18058 18041 18057
 17989 17968 17988</Vertices><Weights>0.6210185  0.05432424 0.32465726
 0.74325635 0.13645075 0.1202929 
 0.54159606 0.22143996 0.23696398
 0.18245703 0.69893428 0.11860869
 0.17091865 0.11391071 0.71517064
 0.59167487 0.35321696 0.05510817
 0.07980866 0.59129589 0.32889545
 0.13202273 0.43109308 0.43688419
 0.01892488 0.18599032 0.7950848 
 0.45986653 0.5109838  0.02914968
 0.69473443 0.11023504 0.19503053
 0.35678003 0.64225839 0.00096157
 0.92167201 0.03282124 0.04550675
 0.49484386 0.36929695 0.13585919
 0.44817425 0.5388619  0.01296385
 0.31512695 0.15127078 0.53360227
 0.17266392 0.81106726 0.01626882
 0.0103512  0.59989381 0.38975499
 0.38516428 0.11669586 0.49813986
 0.3057205  0.13538992 0.55888958
 0.56301492 0.32392736 0.11305772
 0.29587805 0.18237083 0.52175112
 0.63282185 0.26886727 0.09831087
 0.81686427 0.0583248  0.12481093
 0.94746343 0.02222463 0.03031194</Weights></BorderPart></Border><Border Name="PoCS" Red="0" Green="0" Blue="0"><BorderPart Closed="False"><Vertices> 6792  6681  6680
  6849  6795  6794
  6852  6797  6851
  6907  6854  6853
  6962  6910  6909
  6966  6913  6965
  7020  6968  7019
  7073  7022  7072
  7174  7126  7125
  7224  7177  7176
  7274  7227  7273
  7366  7322  7321
  7412  7368  7411
  7498  7457  7456
  7541  7500  7540
  7620  7582  7581
  7696  7659  7695
  6766  6767  7732
 17590 17555 17589
 17592 17557 17591
 17627 17594 17593</Vertices><Weights>0.60046388 0.37937592 0.0201602 
 0.20711671 0.17714554 0.61573775
 0.09057194 0.2288744  0.68055366
 0.3789827  0.58619162 0.03482568
 0.09875301 0.87833188 0.02291511
 0.12835997 0.05841443 0.81322561
 0.39923017 0.10041561 0.50035422
 0.76291899 0.04570183 0.19137918
 0.11170052 0.08558002 0.80271946
 0.36311694 0.27664453 0.36023853
 0.05965547 0.28556127 0.65478326
 0.15459934 0.23034014 0.61506052
 0.55167218 0.33847193 0.10985589
 0.23473095 0.29070089 0.47456816
 0.2881367  0.1237485  0.5881148 
 0.60610137 0.26063346 0.13326517
 0.2988445  0.5685351  0.13262041
 0.33661244 0.25031645 0.41307112
 0.44246368 0.269646   0.28789032
 0.55029195 0.08813564 0.36157241
 0.239015   0.413499   0.347486  </Weights></BorderPart></Border><Border Name="IPS" Red="0" Green="0" Blue="0"><BorderPart Closed="False"><Vertices> 6883  6828  6882
  6715 14211 14250
 14286 14248 14247
 14283 14245 14244
 14280 14242 14241
 14315 14278 14277
 14312 14275 14274
 14309 14272 14271
 14269 14230 14268
 14266 14228 14227
 14225 14186 14185
 14143 14101 14142
 14099 14057 14056
 14011 13967 13966
 13919 13873 13872
 13776 13726 13775
 13674 13622 13673
 13568 13515 13514
 13459 13403 13458</Vertices><Weights>0.42953157 0.32648267 0.24398576
 0.28011591 0.10605658 0.61382751
 0.303849   0.33014835 0.36600265
 0.57024377 0.25534596 0.17441027
 0.86093001 0.11014257 0.02892742
 0.13495884 0.01007371 0.85496745
 0.26126446 0.07489181 0.66384373
 0.14253328 0.3654288  0.49203792
 0.62260417 0.2707024  0.10669344
 0.02813086 0.65131918 0.32054996
 0.05136433 0.63239352 0.31624215
 0.65166391 0.20022547 0.14811063
 0.25951034 0.35668875 0.38380091
 0.41074252 0.21351783 0.37573965
 0.28546565 0.47112508 0.24340926
 0.06383582 0.01909871 0.91706547
 0.50831537 0.33201293 0.1596717 
 0.54537819 0.44331912 0.01130269
 0.378797   0.264993   0.35621   </Weights></BorderPart></Border><Border Name="PreCs" Red="0" Green="0" Blue="0"><BorderPart Closed="False"><Vertices> 6192  6161  6160
  6163  6130  6162
  6132  6099  6098
  6101  6066  6100
  6069  6033  6068
  6035  5998  6034
  6001  5963  6000
  5965  5927  5926
  5929  5890  5889
  5851  5810  5809
  5812  5770  5769
  5729  5684  5728
  5089  5090 30906
 30914 30905 30904
 30911 30902 30901
 30899 30888 30898
 18194 30886 18195
 19701 19687 19700
 19640 19623 19622
 19584 19563 19583
 19519 19495 19518
 19470 19445 19444
 19389 19361 19360
 19300 19268 19299
 19234 19201 19200</Vertices><Weights>0.51425617 0.48088916 0.00485466
 0.22693711 0.58851599 0.18454689
 0.48570192 0.24004945 0.27424862
 0.39568111 0.31874603 0.28557287
 0.13551672 0.12443801 0.74004526
 0.83820628 0.04986738 0.11192635
 0.45788726 0.16192555 0.38018719
 0.53983613 0.44786876 0.01229511
 0.1156669  0.35807433 0.52625876
 0.64879434 0.32150484 0.02970081
 0.24658354 0.31476104 0.43865542
 0.315456   0.02821183 0.65633217
 0.05190324 0.64678133 0.30131544
 0.35638734 0.05442908 0.58918357
 0.29435896 0.48637923 0.21926181
 0.86985547 0.0959795  0.03416503
 0.25920823 0.54062771 0.20016406
 0.22541272 0.65885022 0.11573706
 0.95361745 0.03210392 0.01427863
 0.80488331 0.17496802 0.02014867
 0.61799672 0.09074666 0.29125662
 0.14648059 0.19702767 0.65649173
 0.45072273 0.44400733 0.10526994
 0.21960651 0.23264277 0.54775072
 0.07634118 0.23961895 0.68403986</Weights></BorderPart></Border><Border Name="IFS" Red="0" Green="0" Blue="0"><BorderPart Closed="False"><Vertices>18450 18398 18397
 18550 18500 18499
 18598 18548 18597
 18692 18644 18691
 18827 18782 18826
 18953 18911 18952
 19070 19031 19069
 19212 19178 19177
 19308 19276 19307
 19394 19366 19365
 19472 19446 19471</Vertices><Weights>0.41641358 0.11808288 0.46550353
 0.13339699 0.31620372 0.55039929
 0.43607975 0.1206695  0.44325074
 0.63655186 0.05783249 0.30561566
 0.23317328 0.51742291 0.24940381
 0.21069767 0.54858545 0.24071688
 0.35948206 0.29571192 0.34480602
 0.10103801 0.32384119 0.5751208 
 0.26835134 0.52231829 0.20933037
 0.65977461 0.22302864 0.11719675
 0.322839   0.368762   0.308399  </Weights></BorderPart></Border><Border Name="SFS" Red="0" Green="0" Blue="0"><BorderPart Closed="False"><Vertices>29655 29603 29654
 29851 29804 29803
 29945 29899 29944
 30077 30034 30076
 30199 30160 30159
 30277 30239 30276
 30350 30314 30349
 30420 30386 30419
 30515 30485 30484
  5109  5108  6324
  6267  6238  6237
  6175  6142  6174
  6074  6038  6073</Vertices><Weights>0.19135685 0.04591276 0.76273039
 0.03933288 0.81177295 0.14889417
 0.5345464  0.01833597 0.44711763
 0.19117604 0.35638049 0.45244347
 0.06493219 0.61349237 0.32157544
 0.07363322 0.61286598 0.3135008 
 0.51184072 0.32365649 0.16450279
 0.05350542 0.05695813 0.88953645
 0.26484088 0.42158161 0.31357752
 0.20539475 0.39819955 0.39640571
 0.39089278 0.50160995 0.10749728
 0.39798313 0.58999063 0.01202624
 0.09172709 0.49335095 0.41492196</Weights></BorderPart></Border><Border Name="Sylvian" Red="0" Green="0" Blue="0"><BorderPart Closed="False"><Vertices>20040 19986 20039
 10186 10187 11002
 11076 11038 11075
 11110 11073 11109
 11142 11107 11106
 11140 11104 11139
 11171 11137 11136
 11135 11099 11134
 11132 11097 11096
 11095 11058 11094
 11056 11019 11018
 11016 10978 10977
 10937 10896 10936
 10894 10852 10893
 10850 10808 10807
 10762 10717 10761
 10715 10670 10669
 10621 10573 10620
 10571 10523 10522
 10471 10420 10470
 10367 10314 10366
 10259 10204 10146
 16643    10  8439
  8438 10033  8437
 10026 10022 10021
 10009 10001 10008
  9992  9983  9982
  9960  9948  9947
  9919  9903  9918
  9868  9849  9867
  9808  9786  9807
  9738  9714  9713
  9660  9632  9659
  9602  9573  9572</Vertices><Weights>0.12600495 0.78894468 0.08505037
 0.6014451  0.20415071 0.19440419
 0.42973662 0.38087977 0.18938361
 0.10072615 0.45720968 0.44206417
 0.32698547 0.43993566 0.23307888
 0.38395184 0.11186494 0.50418323
 0.12626712 0.78812351 0.08560937
 0.36023308 0.03895765 0.60080926
 0.41224099 0.33046302 0.25729599
 0.10409295 0.45901707 0.43688998
 0.44143205 0.02101458 0.53755337
 0.21207398 0.60441642 0.1835096 
 0.14277753 0.09239693 0.76482554
 0.39391139 0.42901555 0.17707306
 0.1989172  0.3551811  0.4459017 
 0.60900262 0.21576193 0.17523545
 0.32450464 0.27231236 0.403183  
 0.52727144 0.200972   0.27175656
 0.20776903 0.24365929 0.54857168
 0.37588877 0.46704219 0.15706905
 0.34334559 0.22590076 0.43075365
 0.37731069 0.05953376 0.56315554
 0.36731776 0.34573171 0.28695053
 0.14440781 0.32106409 0.5345281 
 0.45075477 0.09495264 0.45429258
 0.65357852 0.24865097 0.09777051
 0.0133435  0.67442526 0.31223124
 0.21978281 0.30349459 0.47672259
 0.05978283 0.61256381 0.32765336
 0.25179076 0.4638983  0.28431093
 0.15358064 0.31666415 0.52975521
 0.81841768 0.08803229 0.09355003
 0.73235284 0.01445943 0.25318773
 0.335761   0.490711   0.173528  </Weights></BorderPart></Border><Border Name="STS" Red="0" Green="0" Blue="0"><BorderPart Closed="False"><Vertices>31636 31594 31635
 31718 31678 31717
 31796 31758 31795
 31835 31798 31834
 31906 31872 31871
 31974 31942 31941
 32038 32008 32007
 32098 32070 32069
 32154 32127 32153
 32205 32181 32180
 32253 32231 32230
 32297 32276 32296
 32336 32318 32317
  8456 32355 32371
  9254  9214  9213
  9212  9171  9170
  9126  9082  9125
  9036  8990  9035
  8941  8894  8893
  8843  8793  8842
  8741  8689  8740
  8687  8635  8634
  8579  8525  8524
  8355 16209 16236
 16261 16234 16260
 16309 16285 16284
 16330 16307 16306
 16351 16329 16328</Vertices><Weights>0.09544431 0.0257096  0.87884609
 0.12478222 0.41211481 0.46310296
 0.12690198 0.78078883 0.0923092 
 0.07329868 0.08357663 0.84312469
 0.69672137 0.27460029 0.02867834
 0.5537421  0.28783866 0.15841924
 0.47322086 0.21107702 0.31570212
 0.42895428 0.05333129 0.51771443
 0.2132232  0.60945013 0.17732666
 0.33181771 0.53785991 0.13032238
 0.26832766 0.20800185 0.52367049
 0.06559498 0.76793177 0.16647325
 0.24478117 0.42751982 0.32769901
 0.33084733 0.66179405 0.00735862
 0.8202985  0.10983795 0.06986355
 0.05993358 0.00917118 0.93089524
 0.08396037 0.71536354 0.2006761 
 0.01801494 0.49972842 0.48225664
 0.69502684 0.19527721 0.10969595
 0.73850292 0.13931995 0.12217713
 0.5899356  0.01341498 0.39664942
 0.09649476 0.3788927  0.52461254
 0.21303847 0.21039087 0.57657066
 0.38734578 0.08175999 0.53089423
 0.65989587 0.01673492 0.3233692 
 0.06486307 0.04863651 0.88650043
 0.26458178 0.54954324 0.18587498
 0.520309   0.120965   0.358726  </Weights></BorderPart></Border><Border Name="MTS" Red="0" Green="0" Blue="0"><BorderPart Closed="False"><Vertices>21831 21779 21830
 21833 21782 21781
 21836 21784 21835
 21838 21786 21837
 21841 21789 21840
 21893 21843 21842
 21896 21845 21895
 21898 21847 21897
 21901 21850 21900
 21952 21903 21902
 21955 21906 21905
 21908 21858 21857
 21912 21861 21911
 21594 21595 21864
 23254 23199 23253</Vertices><Weights>0.39645    0.272029   0.331521  
 0.48944489 0.20984161 0.3007135 
 0.16625924 0.43336392 0.40037684
 0.66150554 0.24225822 0.09623623
 0.1407156  0.03620342 0.82308098
 0.18160637 0.4248776  0.39351604
 0.07553733 0.57078412 0.35367855
 0.53953089 0.29943692 0.16103219
 0.00548854 0.05345107 0.94106039
 0.08892913 0.40768537 0.50338549
 0.05235333 0.03945924 0.90818743
 0.83463007 0.07133063 0.0940393 
 0.08437839 0.48311464 0.43250697
 0.1282302  0.54744949 0.32432031
 0.555783   0.209874   0.234343  </Weights></BorderPart></Border><Border Name="CingulateS" Red="0" Green="0" Blue="0"><BorderPart Closed="False"><Vertices> 3840  3791  3790
  3787  3736  3786
  3783  3732  3782
  3778  3727  3777
  3824  3774  3823
  3869  3820  3868
  3913  3865  3912
  4003  3957  4002
  4089  4045  4088
  4171  4130  4129
  4250  4211  4210
  4325  4288  4287
  4397  4361  4396
  4496  4464  4463
  1745  4528  1744
  1912  1858  1857
  1967  1913  1966
  2073  2021  2072
  2174  2124  2173
  2271  2223  2270
  2364  2319  2318
  2453  2409  2452
  2538  2496  2537
  2619  2579  2618
  2732  2696  2695
  2803  2769  2768
  2901  2870  2869
  2963  2933  2962
  3046  3019  3045
  1807 28915 28946
 28848 28814 28813
 28777 28741 28740
 28664 28625 28624
 28542 28500 28499
 28412 28366 28411
 28320 28272 28319
 28224 28175 28174
 28074 28021 28073
 27969 27914 27968
 27915 19824 19823
 21367 21355 21366
 21369 21357 21368
 21371 21359 21370
 21372 21361 21360</Vertices><Weights>0.04762805 0.54328764 0.40908431
 0.54384716 0.19646333 0.25968951
 0.10468229 0.33407789 0.56123981
 0.79031804 0.14704392 0.06263804
 0.04717245 0.51398719 0.43884036
 0.01851483 0.45911932 0.52236584
 0.70811284 0.06897328 0.22291388
 0.08489426 0.42169114 0.49341459
 0.05835368 0.59176732 0.349879  
 0.37855948 0.177686   0.44375451
 0.46221928 0.03077675 0.50700397
 0.62361683 0.14110931 0.23527386
 0.27083133 0.16642447 0.5627442 
 0.06879408 0.8410728  0.09013312
 0.30727275 0.30118695 0.3915403 
 0.26024081 0.32225406 0.41750513
 0.82052059 0.11312319 0.06635621
 0.03082055 0.38732143 0.58185802
 0.19252655 0.56121522 0.24625824
 0.31667053 0.63514184 0.04818763
 0.38310218 0.0273056  0.58959222
 0.47203205 0.50448771 0.02348024
 0.52430071 0.31082279 0.1648765 
 0.58224937 0.03566524 0.38208539
 0.33002572 0.33999091 0.32998337
 0.77199471 0.02780892 0.20019637
 0.31084652 0.67538466 0.01376882
 0.23478655 0.07086882 0.69434463
 0.51100602 0.35557543 0.13341855
 0.20190726 0.40738898 0.39070376
 0.84310848 0.05950359 0.09738793
 0.09376304 0.56485357 0.34138338
 0.33488997 0.21472603 0.450384  
 0.60733144 0.07423345 0.31843511
 0.16975995 0.04279394 0.78744611
 0.09349203 0.56013805 0.34636992
 0.08965161 0.39191984 0.51842854
 0.29313372 0.07000325 0.63686303
 0.42861348 0.04623152 0.52515499
 0.1150751  0.6677291  0.2171958 
 0.55415521 0.1116685  0.33417629
 0.43626141 0.00943564 0.55430295
 0.24217715 0.04918946 0.70863339
 0.31286669 0.57577842 0.11135489</Weights></BorderPart></Border><Border Name="POS" Red="0" Green="0" Blue="0"><BorderPart Closed="False"><Vertices>25933 25906 25932
 25960 25935 25934
 25962 25937 25936
 25965 25939 25964
 25967 25942 25941
 25944 25917 25943
 25946 25920 25919
 25922 25895 25894
 25897 25869 25868
 12931 12900 11830
 12837 12803 12836
 12734 12698 12697
 12583 12542 12582
 12459 12416 12415</Vertices><Weights>0.01323031 0.08265003 0.90411966
 0.33644517 0.03834374 0.62521109
 0.53735575 0.27428612 0.18835813
 0.15458117 0.52501809 0.32040073
 0.18955574 0.19864493 0.61179933
 0.52197229 0.27485917 0.20316855
 0.10882421 0.46446524 0.42671054
 0.35508633 0.21745635 0.42745732
 0.47053291 0.1039332  0.42553389
 0.46595804 0.16649544 0.36754652
 0.44516807 0.35684022 0.19799171
 0.31774461 0.08559801 0.59665738
 0.35391497 0.11252275 0.53356228
 0.25742818 0.08128836 0.66128346</Weights></BorderPart></Border><Border Name="ITS" Red="0" Green="0" Blue="0"><BorderPart Closed="False"><Vertices>22520 22484 22519
 22556 22522 22521
 22592 22559 22558
 22594 22561 22560
 22597 22563 22596
 22599 22565 22598
 22601 22568 22567
 22604 22571 22570
 22574 22539 22573
 22542 22507 22506
 21580 21581 22473</Vertices><Weights>0.42532624 0.02268423 0.55198953
 0.74769682 0.1646869  0.08761628
 0.29224765 0.05425035 0.653502  
 0.6721014  0.07686158 0.25103702
 0.08766161 0.16355244 0.74878595
 0.41509372 0.26417159 0.32073469
 0.45050943 0.40018818 0.14930239
 0.07498206 0.37034758 0.55467036
 0.15069778 0.41052817 0.43877405
 0.85911261 0.04559211 0.09529528
 0.72386429 0.2497521  0.02638361</Weights></BorderPart></Border></Class></BorderFile>